#DATA FROM JLA (Betoule et al. 2014)
#See: http://supernovae.in2p3.fr/sdss_snls_jla/ReadMe.html for full file and more detail
#
#zcmb: CMB frame redshift (including peculiar velocity corrections for
#      nearby supernova based on the models of M.J. Hudson)
#mu: distance modulus
#muerr: Error in distance modulus (includes contributions from intrinsic dispersion, 
#     lensing, and redshift uncertainty)
#
#zcmb mu muerr
0.503084, 42.268857, 0.084927
0.580724, 42.839335, 0.103978
0.494795, 42.292103, 0.058282
0.345928, 41.484252, 0.070258
0.677662, 43.338797, 0.209246
0.610712, 42.471693, 0.203378
0.866494, 43.655673, 0.266328
0.330932, 41.127835, 0.065549
0.798566, 43.658777, 0.268738
0.449562, 42.171322, 0.104197
0.371443, 41.644352, 0.089065
0.291718, 40.821793, 0.081014
0.355820, 41.409466, 0.079536
0.461274, 42.021285, 0.097184
0.283610, 40.776549, 0.068180
0.632234, 42.977549, 0.196833
0.466414, 42.506715, 0.118938
0.268624, 40.521925, 0.065744
0.946890, 43.388346, 0.341640
0.924917, 44.057936, 0.389703
0.693165, 43.147040, 0.342065
0.625233, 42.730001, 0.145753
0.896944, 43.852120, 0.286128
0.608261, 42.764561, 0.102240
0.789054, 43.586074, 0.290148
0.578292, 42.559258, 0.085704
0.590280, 42.654591, 0.143898
0.719626, 43.109238, 0.256141
0.210032, 40.012126, 0.068982
0.766590, 43.682963, 0.203884
0.858513, 43.249581, 0.198729
0.367904, 41.607107, 0.039451
0.558746, 42.438100, 0.098322
0.848509, 43.677344, 0.189039
0.996390, 44.258791, 0.235536
0.776594, 43.224033, 0.279825
0.582932, 42.759915, 0.070830
0.583743, 42.614045, 0.112264
0.796552, 42.979830, 0.209544
0.588721, 42.654169, 0.097086
0.913473, 43.894122, 0.236080
0.768587, 43.351142, 0.228587
0.948455, 43.692884, 0.281496
0.513793, 42.436215, 0.093488
0.733609, 43.285243, 0.148911
0.637701, 42.500349, 0.291832
0.765588, 43.351549, 0.178313
0.434861, 41.902138, 0.099513
0.983407, 44.206657, 0.267904
0.583743, 42.831475, 0.105400
0.700631, 43.033393, 0.188137
0.662058, 42.990023, 0.181388
0.838126, 43.488749, 0.315337
0.621874, 42.726972, 0.123159
0.370586, 41.506474, 0.081700
0.416632, 41.877215, 0.076347
0.358570, 41.297543, 0.045831
0.451681, 41.712385, 0.093376
0.522762, 42.480627, 0.103850
0.733996, 43.516498, 0.369880
0.701965, 42.881791, 0.388796
0.742008, 43.900039, 0.336705
0.746118, 43.093502, 0.190480
0.349560, 41.111957, 0.072607
0.591835, 42.586571, 0.094339
0.514746, 42.551789, 0.096860
0.620632, 42.827524, 0.136122
0.643646, 42.894495, 0.237990
1.002795, 44.235243, 0.441344
0.470586, 41.959317, 0.083183
0.610643, 42.937700, 0.100843
0.263487, 40.549436, 0.065587
0.358336, 41.332120, 0.066757
0.742697, 43.214321, 0.268505
0.451556, 41.729122, 0.053259
0.910752, 44.100719, 0.273840
0.552605, 42.296209, 0.100122
0.337534, 41.247367, 0.065673
0.750681, 43.041335, 0.235835
0.983777, 43.808799, 0.480668
0.822697, 43.807756, 0.196706
0.813696, 43.772444, 0.235356
0.950763, 44.242662, 0.280326
0.817732, 43.750335, 0.242919
0.340520, 41.284875, 0.063245
0.960751, 43.579840, 0.330994
0.810720, 43.390268, 0.297583
0.756687, 43.740318, 0.245128
0.611252, 43.020938, 0.137981
0.877971, 43.977575, 0.200322
0.548325, 42.158931, 0.081317
0.809032, 43.399037, 0.215706
1.028800, 44.309041, 0.321202
0.627239, 42.803255, 0.123278
0.422452, 41.757574, 0.097428
0.933900, 43.860144, 0.489999
0.701158, 43.312725, 0.206854
0.697164, 43.279829, 0.175599
0.685179, 43.081773, 0.292561
0.767075, 43.960357, 0.254698
0.931901, 44.236577, 0.252744
0.863978, 43.726470, 0.240301
0.749100, 42.977612, 0.204126
0.514353, 42.365852, 0.094341
0.468406, 42.096865, 0.052353
0.470398, 42.388261, 0.098026
0.958871, 44.424811, 0.306501
0.927909, 44.181491, 0.353410
0.840522, 43.605920, 0.192074
0.630699, 42.781877, 0.116733
0.562751, 42.564444, 0.083413
0.615698, 42.764270, 0.115182
0.828528, 43.944347, 0.201536
0.564741, 42.644184, 0.102947
0.578745, 42.562709, 0.087124
0.557743, 42.557474, 0.100260
0.864497, 43.875961, 0.209215
0.735608, 43.378033, 0.220308
0.858507, 43.563330, 0.321185
0.261984, 40.465610, 0.043626
0.585743, 42.825449, 0.139291
0.761580, 43.294221, 0.186604
0.488800, 42.210265, 0.049775
0.858516, 44.069682, 0.300985
0.688656, 43.025070, 0.130365
0.558743, 42.871895, 0.095995
0.324532, 41.217635, 0.063523
0.480704, 42.118628, 0.046996
0.185371, 39.794590, 0.068599
0.922221, 43.638789, 0.458459
0.681942, 43.099860, 0.154297
0.475707, 42.091923, 0.046754
0.922210, 43.822720, 0.305684
0.893183, 43.898785, 0.265912
0.428646, 42.073215, 0.080017
0.631882, 42.348371, 0.220412
0.699960, 43.188202, 0.266976
0.736007, 43.167385, 0.280236
0.575823, 42.690777, 0.101811
0.418633, 41.721023, 0.045383
0.511746, 42.499918, 0.057605
0.535771, 42.339962, 0.064041
0.641893, 43.024255, 0.185713
0.734996, 43.476010, 0.206487
0.351560, 41.592528, 0.068429
0.609860, 42.795548, 0.121121
0.349557, 41.501732, 0.072220
0.701969, 43.120807, 0.141670
0.355261, 41.572700, 0.043497
0.983280, 44.063418, 0.265369
0.872152, 43.990980, 0.282972
0.759030, 43.410216, 0.173374
0.926220, 43.843087, 0.242052
0.643642, 42.946429, 0.208778
0.419569, 41.926297, 0.075875
0.515587, 42.512306, 0.165057
0.890729, 43.824094, 0.177374
0.805696, 43.554772, 0.211361
0.480568, 42.131677, 0.047306
0.800697, 42.890145, 0.241003
0.580604, 42.696806, 0.142604
0.715652, 43.202027, 0.238077
0.805695, 43.207174, 0.216719
0.766684, 43.497499, 0.255708
0.664638, 43.192497, 0.153328
0.901736, 44.070936, 0.253825
0.745665, 43.369786, 0.178808
0.718680, 43.191640, 0.166138
0.736690, 43.265612, 0.154233
0.579600, 42.547424, 0.058415
0.370531, 41.399939, 0.042080
0.960740, 44.322650, 0.229558
0.850729, 43.894461, 0.179436
0.648640, 42.783781, 0.148295
0.219462, 40.195681, 0.067983
0.936755, 43.842047, 0.232903
0.647639, 42.888921, 0.127826
0.461564, 42.135854, 0.071194
0.600603, 42.656946, 0.128815
0.670654, 43.093550, 0.213458
0.760698, 43.265321, 0.175494
0.246492, 40.531400, 0.069824
0.470573, 42.156210, 0.087136
0.169455, 39.659210, 0.050262
0.497379, 42.254516, 0.066697
0.638234, 42.702862, 0.155056
0.507371, 42.274093, 0.084596
0.535327, 42.506778, 0.080992
0.587285, 42.763676, 0.110748
0.773081, 43.687292, 0.262574
0.699166, 42.992398, 0.197318
0.370511, 41.505496, 0.064883
0.761089, 43.402230, 0.208099
0.699169, 43.333846, 0.192889
0.788060, 43.565503, 0.148104
0.373513, 41.555272, 0.069725
0.405478, 41.933042, 0.069684
0.852994, 43.554930, 0.264794
0.808048, 43.998603, 0.233973
0.603272, 42.939403, 0.135389
0.583290, 42.945022, 0.128204
0.534335, 42.231828, 0.087311
0.720140, 43.287656, 0.231750
0.400485, 41.620492, 0.177420
0.837004, 43.846099, 0.184944
0.371508, 41.552074, 0.041561
0.806041, 43.402531, 0.268483
0.840005, 43.192953, 0.221029
0.500728, 42.375685, 0.067406
0.532765, 42.388642, 0.121413
0.533766, 42.240259, 0.132719
0.932229, 43.788730, 0.466569
0.822103, 43.605505, 0.266065
0.553797, 42.633147, 0.073385
0.125298, 38.813744, 0.075177
0.842123, 43.696750, 0.320415
0.443668, 41.930490, 0.092254
0.727675, 43.291685, 0.249564
0.683659, 43.272776, 0.680726
0.442548, 42.027749, 0.071479
0.726679, 43.260298, 0.160344
0.282510, 40.933240, 0.065001
0.404549, 41.816259, 0.067240
0.519611, 42.477299, 0.078002
0.690652, 42.849277, 0.215571
1.060801, 44.122847, 0.310679
0.576612, 42.623705, 0.094573
0.268489, 40.599668, 0.063647
0.720680, 43.220005, 0.252143
0.250498, 40.547872, 0.068762
0.760691, 43.510906, 0.306119
0.698167, 43.183784, 0.273091
0.550315, 42.511165, 0.113628
0.730128, 43.011112, 0.221363
0.847985, 43.836252, 0.244091
0.997826, 44.016879, 0.244148
0.435446, 41.736421, 0.068146
0.409470, 41.785590, 0.066795
0.301590, 41.075176, 0.063490
1.299106, 44.803064, 0.149625
1.020807, 44.455035, 0.224072
0.839734, 43.532849, 0.148452
1.120850, 44.521773, 0.173174
1.230892, 44.881859, 0.228489
0.974230, 44.190969, 0.135822
0.970782, 44.812881, 0.458691
0.064229, 37.268004, 0.090876
0.129030, 38.943845, 0.107802
0.102890, 38.551569, 0.089803
0.044130, 36.269815, 0.120542
0.113040, 38.634756, 0.093349
0.256110, 40.655135, 0.168036
0.380260, 41.756266, 0.329539
0.145470, 38.871680, 0.105221
0.088890, 38.004252, 0.085694
0.260590, 40.578097, 0.133874
0.078910, 37.887929, 0.097377
0.083040, 38.135730, 0.094024
0.165650, 39.271430, 0.076777
0.168170, 39.407337, 0.104925
0.170630, 39.435655, 0.109177
0.170280, 39.657814, 0.116084
0.120440, 38.843522, 0.091322
0.276530, 40.644662, 0.183929
0.231600, 40.147342, 0.133274
0.305690, 40.616100, 0.285904
0.079970, 37.909459, 0.109776
0.174150, 39.428746, 0.100248
0.138680, 39.140555, 0.110290
0.146070, 39.377984, 0.107477
0.081330, 37.935999, 0.082868
0.233800, 40.367170, 0.118033
0.256550, 40.628001, 0.125789
0.245620, 40.364032, 0.160657
0.125930, 39.002428, 0.146421
0.223510, 40.369572, 0.186326
0.102640, 38.528180, 0.086010
0.119670, 38.840751, 0.084875
0.180550, 39.610875, 0.113583
0.197090, 39.987020, 0.120959
0.229160, 40.310501, 0.159033
0.264510, 40.772929, 0.158025
0.103370, 38.474567, 0.060163
0.364410, 41.831749, 0.212388
0.205600, 39.724440, 0.097149
0.179810, 39.976102, 0.153985
0.199590, 40.070213, 0.132852
0.156530, 39.286551, 0.090156
0.161800, 39.566114, 0.087152
0.209530, 40.030550, 0.169876
0.241790, 40.456662, 0.157026
0.236460, 40.663863, 0.105838
0.226680, 40.210685, 0.177253
0.296780, 40.813847, 0.155489
0.208520, 40.053572, 0.106498
0.251040, 40.609041, 0.195114
0.250120, 40.715725, 0.129131
0.117710, 38.602150, 0.084694
0.219710, 40.207810, 0.115592
0.149010, 39.263175, 0.088690
0.287420, 40.991485, 0.141980
0.143600, 39.128304, 0.110751
0.328370, 40.987952, 0.153684
0.246250, 40.529684, 0.108986
0.119660, 38.950970, 0.090320
0.328380, 41.527035, 0.305638
0.215130, 40.507556, 0.134937
0.144780, 39.128113, 0.074168
0.132430, 39.234766, 0.065940
0.210820, 39.942445, 0.105430
0.203990, 40.087287, 0.099614
0.279520, 40.591835, 0.111571
0.044280, 36.358429, 0.096221
0.180370, 39.521427, 0.090943
0.260700, 40.747822, 0.143977
0.056540, 36.861773, 0.139831
0.212600, 40.271233, 0.147374
0.369410, 41.858717, 0.224677
0.173860, 39.775974, 0.068142
0.142650, 39.140583, 0.113740
0.177890, 39.579924, 0.120041
0.328370, 41.029931, 0.170675
0.253510, 40.900684, 0.153052
0.300010, 40.711097, 0.149309
0.105890, 38.329255, 0.085354
0.223280, 40.291978, 0.113487
0.118450, 38.813883, 0.060047
0.176530, 39.631019, 0.117222
0.182800, 39.899631, 0.142983
0.297620, 40.733632, 0.206265
0.196990, 39.918294, 0.106754
0.152950, 39.380830, 0.087084
0.248500, 40.453374, 0.121768
0.138180, 39.051591, 0.061591
0.207040, 40.449476, 0.116211
0.214680, 40.084059, 0.130460
0.306320, 41.114643, 0.184951
0.246950, 40.641715, 0.117240
0.198010, 39.846559, 0.083984
0.222560, 40.272799, 0.092357
0.135080, 39.305161, 0.091574
0.210540, 39.946746, 0.133380
0.272580, 40.710259, 0.114389
0.246600, 40.174786, 0.104568
0.220680, 40.055482, 0.150994
0.274470, 40.613785, 0.146645
0.176560, 39.857018, 0.096602
0.310880, 41.117111, 0.193875
0.184350, 39.923784, 0.119826
0.159350, 39.183007, 0.087937
0.219760, 40.264832, 0.110285
0.252050, 40.412270, 0.135572
0.181220, 39.660517, 0.089286
0.173730, 39.836720, 0.071144
0.380470, 41.216375, 0.235149
0.178650, 39.772295, 0.117954
0.245680, 40.209885, 0.143035
0.209100, 40.038230, 0.103713
0.249470, 40.652316, 0.175909
0.133920, 38.968053, 0.110307
0.177060, 39.665161, 0.102912
0.281110, 40.745152, 0.141005
0.173830, 39.591080, 0.092257
0.196540, 40.006265, 0.109077
0.363970, 41.712498, 0.206567
0.378350, 42.195393, 0.285863
0.316460, 41.108188, 0.177054
0.183220, 39.637107, 0.073110
0.241020, 40.615654, 0.112542
0.202030, 39.917821, 0.159252
0.168690, 39.616129, 0.109058
0.197940, 39.956987, 0.122394
0.122760, 38.739435, 0.084968
0.203180, 40.036223, 0.103752
0.127390, 38.854042, 0.088750
0.275490, 40.743125, 0.159564
0.144680, 39.430156, 0.086692
0.334360, 41.326571, 0.249556
0.195800, 40.035179, 0.094772
0.193920, 39.897674, 0.107253
0.249730, 40.525820, 0.138097
0.148600, 39.399037, 0.088566
0.155960, 39.345066, 0.088473
0.095820, 38.279811, 0.090418
0.150650, 39.191920, 0.100780
0.309330, 40.961962, 0.244347
0.248570, 40.522204, 0.120276
0.365540, 41.586982, 0.236429
0.117710, 38.707957, 0.066025
0.191760, 39.871582, 0.083272
0.182550, 39.702068, 0.104603
0.234720, 40.345426, 0.136087
0.246470, 40.380769, 0.158845
0.288450, 40.445682, 0.142483
0.209600, 40.106377, 0.158834
0.191980, 39.711374, 0.129102
0.114020, 38.466884, 0.059686
0.113890, 38.861575, 0.135383
0.198800, 39.816317, 0.175850
0.220580, 40.048999, 0.207863
0.182570, 39.844042, 0.108290
0.158950, 39.450198, 0.107224
0.078490, 38.099637, 0.088942
0.138640, 39.364680, 0.069876
0.180790, 39.690239, 0.095426
0.177570, 39.709002, 0.138820
0.170660, 39.458539, 0.103710
0.233810, 40.276417, 0.174031
0.071530, 37.469436, 0.121253
0.154630, 39.447866, 0.141251
0.090100, 37.827343, 0.101772
0.176580, 40.151673, 0.167260
0.130450, 39.279574, 0.108118
0.182040, 39.652478, 0.117882
0.256170, 40.448697, 0.119181
0.138110, 39.055513, 0.088257
0.170700, 39.804708, 0.112218
0.216740, 40.228701, 0.087535
0.245550, 39.987404, 0.127987
0.143820, 39.174265, 0.111687
0.248620, 40.595692, 0.142222
0.145330, 39.234025, 0.117493
0.135880, 38.940784, 0.065131
0.058740, 37.220057, 0.065070
0.036520, 36.078532, 0.092313
0.277490, 41.412758, 0.206178
0.205150, 40.261450, 0.352870
0.280510, 40.646930, 0.161266
0.198670, 39.991685, 0.105179
0.159990, 39.420598, 0.091982
0.210750, 40.396099, 0.131234
0.071950, 37.404242, 0.118968
0.237820, 40.463327, 0.145530
0.141390, 39.197972, 0.120534
0.155060, 39.514877, 0.099362
0.370130, 41.538091, 0.209522
0.093910, 38.408567, 0.116368
0.118630, 38.476777, 0.116389
0.153630, 39.450110, 0.094631
0.253560, 40.627227, 0.113024
0.107250, 38.272148, 0.083177
0.129610, 39.031883, 0.093662
0.266650, 40.711901, 0.150179
0.212260, 40.089664, 0.105792
0.278220, 40.860056, 0.132023
0.245400, 40.302041, 0.113053
0.133620, 39.073706, 0.090714
0.176560, 39.887915, 0.105083
0.113680, 38.502213, 0.085082
0.320380, 41.091351, 0.278114
0.112710, 38.716402, 0.060057
0.106020, 38.458312, 0.083787
0.391350, 41.661340, 0.283247
0.155750, 39.210861, 0.085399
0.186670, 39.788774, 0.112387
0.196710, 40.081625, 0.111154
0.191910, 40.230025, 0.120258
0.190840, 39.752061, 0.091054
0.176250, 39.815809, 0.094388
0.128370, 38.945764, 0.090428
0.122620, 38.777250, 0.086841
0.127150, 38.943319, 0.086509
0.213230, 39.921869, 0.124199
0.218610, 40.108119, 0.131194
0.268560, 40.818867, 0.146723
0.204660, 40.102011, 0.109148
0.267100, 40.678539, 0.120792
0.217570, 40.087435, 0.119231
0.241850, 40.449038, 0.117669
0.293500, 40.492641, 0.161148
0.353460, 41.105302, 0.213699
0.185630, 39.656603, 0.096035
0.285430, 41.037926, 0.158856
0.194940, 39.549380, 0.113381
0.075920, 37.844022, 0.084098
0.163570, 39.354575, 0.099575
0.257210, 40.621386, 0.173411
0.219550, 39.923299, 0.140252
0.175580, 39.635839, 0.091971
0.226670, 40.236853, 0.138506
0.153220, 39.339605, 0.090989
0.210250, 40.127164, 0.152882
0.121640, 38.948053, 0.061122
0.291350, 40.821185, 0.158482
0.294480, 41.140129, 0.310465
0.164550, 39.458657, 0.063495
0.307020, 41.113758, 0.174834
0.198630, 40.026381, 0.104429
0.268210, 40.719918, 0.185580
0.401280, 41.465676, 0.246473
0.136680, 39.061633, 0.094058
0.295420, 40.878351, 0.244441
0.291920, 40.809218, 0.147763
0.090070, 38.028258, 0.058531
0.205570, 40.137804, 0.133848
0.145820, 39.011544, 0.089216
0.117670, 38.747162, 0.083944
0.054990, 36.977031, 0.089975
0.174200, 39.583628, 0.091723
0.244950, 40.587354, 0.129901
0.224520, 40.489134, 0.133224
0.245580, 40.409435, 0.105343
0.283510, 40.812610, 0.180629
0.180560, 39.863045, 0.124174
0.103910, 38.324115, 0.061031
0.129610, 39.134003, 0.093965
0.243520, 40.531829, 0.102984
0.331360, 41.388625, 0.290200
0.243480, 40.499778, 0.145131
0.314680, 40.746766, 0.123589
0.218650, 40.156356, 0.143421
0.260140, 40.949607, 0.192294
0.282430, 40.921975, 0.157303
0.300410, 40.561090, 0.169440
0.151860, 39.210098, 0.088380
0.263570, 40.429633, 0.143441
0.213820, 40.200856, 0.170094
0.162840, 39.558552, 0.112381
0.124400, 39.026479, 0.117519
0.194650, 39.656703, 0.077715
0.205540, 39.984379, 0.133947
0.106670, 38.599759, 0.085131
0.187720, 39.684060, 0.140244
0.163870, 39.530386, 0.098371
0.290210, 40.769412, 0.151637
0.094010, 38.216612, 0.062476
0.227860, 40.215898, 0.129741
0.107510, 38.612475, 0.087197
0.310650, 40.904494, 0.198193
0.145640, 39.481157, 0.097043
0.087840, 38.062367, 0.063601
0.148390, 39.231806, 0.097002
0.286620, 41.104409, 0.150010
0.122810, 38.737840, 0.071066
0.186550, 39.625522, 0.164515
0.128930, 38.913527, 0.096144
0.194220, 39.925967, 0.113752
0.148000, 39.383249, 0.086155
0.211790, 40.419180, 0.209145
0.179620, 39.631050, 0.120427
0.263490, 40.877707, 0.131482
0.192150, 40.093126, 0.101849
0.338800, 41.311436, 0.211372
0.117410, 38.768202, 0.087223
0.143100, 39.140624, 0.113456
0.160350, 39.314785, 0.069888
0.288720, 40.925279, 0.178583
0.123030, 38.789642, 0.095666
0.264050, 40.586365, 0.137398
0.126080, 38.621856, 0.118097
0.173740, 39.536085, 0.089774
0.164400, 39.364270, 0.089672
0.249610, 40.808047, 0.105524
0.159990, 39.262730, 0.091646
0.244480, 40.245553, 0.091815
0.248510, 40.337145, 0.125425
0.228930, 40.269284, 0.113537
0.085280, 38.000638, 0.082766
0.062818, 37.126454, 0.088265
0.277450, 40.911033, 0.218466
0.275440, 40.675288, 0.185041
0.330510, 41.224397, 0.177880
0.361930, 41.458151, 0.241383
0.331030, 40.988891, 0.190110
0.160500, 39.326695, 0.064668
0.300210, 40.886636, 0.166957
0.116350, 38.729536, 0.059839
0.218290, 40.129601, 0.103198
0.119670, 38.717431, 0.058046
0.154730, 39.335527, 0.061459
0.178100, 40.053800, 0.109731
0.250370, 40.680342, 0.109706
0.251740, 40.452743, 0.083710
0.129530, 38.869775, 0.084320
0.309290, 41.128936, 0.141541
0.278520, 40.925910, 0.127906
0.185810, 39.898115, 0.074048
0.066510, 37.289925, 0.118722
0.258000, 40.526847, 0.140729
0.298880, 41.098258, 0.186788
0.270440, 40.650259, 0.201371
0.279160, 40.512390, 0.118111
0.292870, 40.815057, 0.185837
0.189650, 39.779107, 0.098736
0.265760, 40.574082, 0.148858
0.123760, 38.756543, 0.084205
0.182550, 39.768643, 0.089661
0.056340, 37.006809, 0.088745
0.312880, 41.023702, 0.133436
0.309150, 41.261367, 0.199429
0.200610, 39.923754, 0.097189
0.326400, 41.122067, 0.168911
0.211630, 39.954006, 0.077278
0.179690, 39.757981, 0.097797
0.302400, 41.072129, 0.154641
0.109240, 38.624784, 0.088452
0.085220, 38.044968, 0.090029
0.202310, 39.998159, 0.104096
0.126490, 38.899816, 0.097155
0.214570, 40.218476, 0.113070
0.320450, 41.217304, 0.146976
0.218350, 40.227508, 0.119346
0.190100, 40.032530, 0.102175
0.092430, 38.230851, 0.097519
0.379860, 41.549950, 0.136742
0.211340, 39.957402, 0.110330
0.258330, 40.645833, 0.129767
0.183270, 39.631871, 0.113647
0.212950, 40.118529, 0.126522
0.116510, 38.675743, 0.096647
0.144010, 39.136946, 0.118139
0.252490, 40.470936, 0.138382
0.255390, 40.568252, 0.181816
0.216980, 40.440869, 0.142289
1.265901, 44.829407, 0.200354
0.935774, 43.689810, 0.210844
0.049519, 36.718489, 0.163685
0.030325, 35.569531, 0.132610
0.074579, 37.556259, 0.191370
0.025198, 35.056550, 0.194200
0.014411, 33.913383, 0.168567
0.020792, 34.616397, 0.156026
0.035218, 35.956579, 0.166113
0.041657, 36.595003, 0.185301
0.042400, 36.369957, 0.170052
0.018902, 34.757044, 0.134865
0.078840, 37.617743, 0.185487
0.063345, 37.488585, 0.172371
0.027637, 35.586212, 0.214213
0.049325, 36.657271, 0.177546
0.070153, 37.452845, 0.194330
0.023909, 35.164818, 0.134950
0.053126, 36.921179, 0.199558
0.024951, 35.039276, 0.144070
0.015664, 34.135043, 0.162656
0.048984, 36.351600, 0.102219
0.022399, 34.753986, 0.143307
0.034854, 35.813320, 0.224036
0.016966, 33.998322, 0.164697
0.030721, 35.656654, 0.132085
0.030482, 35.949433, 0.132551
0.010550, 33.237093, 0.192634
0.014256, 33.925922, 0.117934
0.027688, 35.058159, 0.131399
0.053860, 36.827015, 0.101172
0.017672, 34.049084, 0.148242
0.017450, 34.216797, 0.116104
0.015573, 34.274926, 0.163538
0.010060, 33.073729, 0.213676
0.054931, 37.112253, 0.135885
0.039083, 36.262270, 0.106503
0.078317, 37.728200, 0.135306
0.031764, 35.705187, 0.094329
0.014440, 33.804805, 0.203969
0.013533, 33.538714, 0.194999
0.026677, 35.422494, 0.149768
0.023360, 35.004233, 0.127886
0.036934, 36.197276, 0.144423
0.023552, 35.047780, 0.127019
0.017483, 34.273157, 0.147638
0.040259, 36.428827, 0.121769
0.030381, 35.745131, 0.166597
0.015504, 34.011891, 0.160442
0.014151, 33.768660, 0.141200
0.015487, 33.920879, 0.135886
0.015554, 34.062103, 0.157644
0.037075, 36.099687, 0.095920
0.015482, 34.066695, 0.164021
0.013324, 33.724240, 0.139036
0.014575, 34.093724, 0.172909
0.015791, 33.926511, 0.157555
0.024746, 34.882653, 0.128949
0.027748, 35.546923, 0.122547
0.010888, 33.462499, 0.259650
0.013652, 33.915665, 0.139442
0.035755, 35.762547, 0.106219
0.024725, 35.267832, 0.125466
0.038086, 36.121177, 0.116302
0.021541, 35.114742, 0.125484
0.019581, 34.745820, 0.128144
0.030416, 35.763388, 0.123507
0.039219, 36.229149, 0.115891
0.034971, 36.084673, 0.102245
0.028561, 35.412999, 0.124611
0.020997, 34.684191, 0.141718
0.032538, 35.876214, 0.132967
0.015469, 33.890267, 0.149288
0.015678, 34.166211, 0.172191
0.027499, 35.619788, 0.097327
0.046856, 36.512717, 0.117441
0.033173, 35.808041, 0.133894
0.010291, 33.120949, 0.221835
0.080103, 37.738759, 0.117189
0.012317, 34.118732, 0.160333
0.024586, 35.144549, 0.170261
0.014467, 33.948631, 0.173519
0.015154, 34.184202, 0.135420
0.029086, 35.680024, 0.120231
0.034781, 35.905079, 0.128578
0.044920, 36.635205, 0.079192
0.034074, 36.088790, 0.115032
0.074870, 37.670624, 0.082785
0.014960, 34.043933, 0.156545
0.020396, 34.772680, 0.117016
0.040689, 36.344204, 0.122054
0.026567, 35.448950, 0.130078
0.026881, 35.350290, 0.094016
0.023471, 35.081827, 0.123873
0.069122, 37.694361, 0.146194
0.065193, 37.375966, 0.100865
0.022980, 35.098882, 0.126601
0.017387, 34.400538, 0.157278
0.031485, 35.764070, 0.091310
0.011184, 33.494080, 0.151290
0.021956, 34.959499, 0.123443
0.031484, 35.870775, 0.090971
0.023321, 34.889752, 0.164596
0.020390, 34.821438, 0.133967
0.022466, 34.838624, 0.131635
0.033614, 35.978554, 0.130236
0.036969, 36.207513, 0.128406
0.022629, 35.161659, 0.129708
0.014700, 34.161533, 0.136343
0.036950, 36.058706, 0.088522
0.060959, 37.142772, 0.062814
0.059289, 37.124435, 0.058910
0.069751, 37.360308, 0.100788
0.029526, 35.498153, 0.122087
0.033255, 36.031122, 0.123417
0.024159, 35.095037, 0.131394
0.015999, 34.300077, 0.146781
0.062961, 37.207749, 0.109309
0.021706, 34.895154, 0.147246
0.031638, 35.658090, 0.143548
0.018599, 34.547479, 0.119783
0.027064, 35.273056, 0.120170
0.025468, 34.947272, 0.136456
0.023810, 35.276673, 0.149563
0.023867, 35.060367, 0.133934
0.022068, 35.019686, 0.111265
